TODO
	-> Background not working
	-> remove unrequired "import"s
	-> much more
	
INFO
	FIELD SYSTEM
	
	21			22			23

		11		12		13	

			01	02	03		

	24	14	04		05	15	25

			06	07	08		

		16		17		18	

	26			27			28
	
	FIELD COORDINATES
	
	01(200|200)	11(120|120)	21(50|50)
	02(300|200)	12(300|120)	22(300|50)
	03(400|200)	13(480|120)	23(550|50)
	04(200|300)	14(120|300)	24(50|300)
	05(400|300)	15(480|300)	25(550|300)
	06(200|400)	16(120|480)	26(50|550)
	07(300|400)	17(300|480)	27(300|550)
	08(400|400)	18(480|480)	28(550|550)